46330021
18168672
47568796
46890392
56117102
89110503
51737590
36230392
12316953
31850323
31346555
15017470
77037208
81350453
4326567
2780012
1131148
52648572
11900239
60576064
41982357
47474814
53970475
6213666
1774501
19859348
48882424
27082830
92780982
51387228
6602312
49960807
46872680
2275060
82550585
62837318
14595970
47533362
86982460
14601426
18458086
61083065
18107110
84568655
38048757
86190914
77127137
62179656
96696356
84057244
26381473
85640851
89137468
83340332
23209803
45636790
77490528
20516801
22541812
67758475
60482676
8851600
41350159
49909190
80756220
94127202
71376807
92906003
20931677
5123870
79328672
91562213
23015796
99770593
77549608
65123915
63585297
90064302
75751348
85241065
47220403
31691519
77509130
34815849
48625172
69390271
39348132
83056487
50607123
90399632
14140396
49185549
68516830
20867837
6866966
1902130
41904717
87289582
41537047
49687008
68782614
69606057
46712693
63369616
73748550
37410081
55088221
92511835
71079417
46233684
95272439
47166351
97062148
20830891
71754340
82390657
10664094
63017877
41420822
43852065
6186767
1938481
33500029
3486755
10407587
38351452
54962547
78406791
36084238
89789695
59815169
26667145
682273
33494195
4397599
51245351
71760742
97360090
99251572
61667354
28729811
4760415
38827226
63831239
60923953
15862183
61514771
79453040
79392258
94359739
69694253
2289393
46211388
17605804
93261036
63061510
92003959
53263562
6926622
40255038
58842722
34482740
84661437
14684725
43941048
71033633
64799873
56078803
2230224
28377859
16026317
45177936
50293674
39489069
23138881
80500558
78734023
81723277
80433298
39057092
97571951
92205124
74324959
71391464
23585478
20903695
83436720
30162798
18314210
30897148
6199106
26337878
95027759
33755670
30867376
81402005
5321148
32353520
29069667
55569897
46198858
96698211
20253657
19232187
61751363
92913087
82469136
26775971
39841711
67096609
85689981
53291031
22136586
84947308
60580463
63011225
46033063
40923506
37393059
99376802
27533297
50190178
48704820
1728346
63799690
27720427
42806375
38245097
97152180
14997446
23781046
7938848
27519998
81604318
82825968
59717000
43435492
19897647
17907677
79973628
97255024
15310681
24931178
97811122
65059415
54202094
96438857
33822744
33593498
86465187
92476550
90121750
91944562
7985677
58522777
36615414
97981365
24510813
46033746
91263992
38017789
27252651
78904186
70690983
36580323
37200718
61702797
84606554
53092489
25749880
24047678
33625826
67214616
72273056
17666068
88777779
14391726
96130371
80821958
51907376
48928722
47845
88451151
18418563
82480498
41937297
85689097
45878931
83642651
22013653
29366635
405452
36575080
71578634
93646238
62912819
4129147
32717411
88550789
48899601
22764099
69938212
5677549
53556781
54290967
250401
42884709
23396027
31906179
39962924
81927317
15310624
31148931
19843141
6211321
73545261
34240535
90557829
40935074
90923415
48698568
34361642
61332603
47601339
59029195
82500434
65827066
14239582
85170043
73788650
93914385
95813751
81040123
59797673
16487239
33241055
83882022
44450581
55788206
15396204
16425220
54549015
38919935
17242971
54385723
42927916
44502469
65318548
67256874
19149761
93884184
58439062
19958504
2038903
47032259
75127316
67565452
53156982
50177183
61440772
82579726
49402255
1322285
16132389
62999416
221454
68147979
38076238
15411873
35511148
28930229
65854776
2253069
26496338
16424542
35447777
61507704
70368399
31344720
41603536
75598632
49777938
23393516
62072657
56041744
15302118
891840
29806623
61455635
22446617
22937641
40719856
77520178
68200057
13732843
38766786
50896512
90847114
78447260
34622408
23993109
87544417
53753835
60648100
96731347
80529698
89446404
61531160
24988094
94803228
96660835
14616954
38932472
89266489
26000226
75716548
34097498
99885309
8580319
16681683
87568359
84555345
68157581
47542211
85971066
55902644
58583810
9567614
58519174
86595475
25885196
59913808
58712170
66832070
978015
67223134
19094911
529065
11452368
86639503
1896200
89964790
3311032
15323193
49915033
3175066
11107215
55214010
78115768
13204362
57671101
12236662
78094135
87017081
50666349
33401816
9470508
63517229
92892375
34516454
11983036
30156188
31090249
93718506
33382967
61450463
95525697
56291917
88775547
80692378
309864
82716783
16419188
91370896
60816955
11451677
27521317
88617212
77482479
70449962
93986274
72614176
8253663
32118963
70851567
82377035
50734486
51265626
67044791
96134769
94184941
67870952
64897547
47296787
98906410
20248470
51616382
75247793
86372189
5414427
96766460
82079847
96585675
25786044
68365488
26005129
91949082
69313100
49035
16395932
955179
26329996
37280367
36711218
2981971
39701246
70546644
77542140
99681873
38468918
86703228
90181966
21678543
56501654
66945815
14246190
68699584
2500660
47612506
404828
46927325
68188323
88608919
37278288
80388707
84765361
46921777
26001642
72008170
77689675
49622510
67740379
76890232
35454611
76535818
46258446
59587587
7233409
3463269
12497110
38965210
77241127
93350311
92444744
70985652
60184229
44450851
91203348
48130667
10168338
72147271
24091864
6711203
92369473
4037180
78944753
70567041
16692720
90179917
93808468
84287170
53178442
45454245
47889950
79194797
47875120
90871123
25838628
90791687
97019586
42347883
39046602
96577926
25042807
7616673
50931221
50437314
35226704
7805889
6042612
79439476
75446363
97092651
12220036
10800508
80509705
96754464
29755968
21004104
69223677
5509754
72868487
7926384
38156689
20164472
31581721
72536355
92538410
7978303
46107648
35205583
35290464
91232382
90555683
32425076
48283525
18735228
52297873
68922191
77681142
94659103
75893277
54116958
53878372
20850018
29710569
84615026
76647403
12139576
92465390
47960537
93968315
45450423
75909138
16978388
82439083
10561766
64647183
75834889
40953680
56903203
22145099
66565820
85354146
38511637
33198438
55513333
18641106
29940320
27043729
18963720
69458358
58080316
81153659
39725391
59258810
8090306
34707387
99643703
89206857
5201051
90193281
31494761
41667033
23995251
59870929
33377320
83031111
33848159
7434069
54104895
4623303
48851215
68720764
1432876
51234332
52637981
25917649
21080210
89703378
72926041
30807576
79800317
55165375
89094163
82338983
68609072
17688650
17975227
97610800
74292481
89610949
79369522
13792060
6197234
20837630
91330574
18151970
3531555
91499152
14943626
38139287
3849861
71456165
24084644
76407661
30819011
51971381
49594678
29154143
92927384
90946909
41663680
19997329
82439029
34857499
83895377
6527124
95770739
42830440
83019700
75729329
51083979
82740099
31018738
68712941
88660581
38923179
97754407
92770108
49469150
37450593
64161414
24944655
78495527
56097764
59113404
85439898
82231060
40308522
93894256
47414801
39972949
22040605
43437864
28912266
83530808
42710434
56554319
48210424
71487828
2823838
11657060
86948237
80318349
78631063
45964571
25281378
68575309
36794360
67803650
32682645
72260452
61607768
74945008
18930780
16661441
76023463
63821308
72680012
45442077
12615695
28676137
5155485
96360631
30780683
95878408
50993455
71113393
77240507
4446697
67242061
74708935
68649050
18147447
98819830
47646478
29839419
78954841
21477832
57774553
47743522
97786418
67638822
46821352
44382725
71121129
7370285
30095603
25385238
94649417
44483957
86620795
29387168
5666218
91439508
62631371
66341369
72410044
36144944
57268123
19294311
64563176
62172396
12472854
45332166
66306506
84464238
42472106
78968523
26895169
60862710
97445783
32968404
78029941
39204401
75646020
63781703
57144119
49010589
82150117
93683834
42723540
28899546
61058898
76799381
74948010
33654364
74375081
55354524
63542230
58263035
22170866
15964026
75594965
92608044
68174186
47205547
65248945
53759919
92749976
8597372
39225518
3431349
54514360
77267488
3028960
36300798
43106682
11316364
47502245
16957425
41436270
15665488
16053089
67731344
41607609
96086181
27648814
88588145
69715998
85986690
73151142
16716942
90565780
22015848
55570169
66828363
36300616
62872143
45806125
86956805
27210726
23375850
96054093
13690644
6989489
2081989
45274362
90929517
94902497
28187245
35560464
39853454
44394027
75672888
82356259
84132027
13670487
43288651
75020517
5513432
88431476
5004873
24621737
63819404
63796837
75250004
73406210
96370377
71721733
82644175
3024005
77239650
11792085
87365630
14667063
80533856
89972136
26498813
35301842
63857414
79735649
93195525
96860283
70345568
94644086
77450220
27746299
31429722
41964000
83926604
41972728
43563857
33778773
2857079
9907853
237823
81015097
57065191
66936688
53678618
9440187
61830870
38084603
71590280
97689677
26044615
82260051
64744204
76438372
5616296
3906632
96244284
32704193
19953402
8608843
69979482
75155641
12514228
78003846
83502190
38426303
101791
59285588
911821
91937670
8447469
11572891
90902462
77608005
81873496
82527335
8956108
9285204
72328458
79120249
63422632
48831290
8720151
89669806
25021507
40407957
61018932
98569328
81493162
52720714
30191355
24741579
76597754
64055393
11732394
96091267
4944332
45223393
47894800
21041246
2297588
24694595
4792560
