47845
49035
101791
221454
237823
250401
309864
404828
405452
529065
682273
891840
911821
955179
978015
1131148
1322285
1432876
1728346
1774501
1896200
1902130
1938481
2038903
2081989
2230224
2253069
2275060
2289393
2297588
2500660
2780012
2823838
2857079
2981971
3024005
3028960
3175066
3311032
3431349
3463269
3486755
3531555
3849861
3906632
4037180
4129147
4326567
4397599
4446697
4623303
4760415
4792560
4944332
5004873
5123870
5155485
5201051
5321148
5414427
5509754
5513432
5616296
5666218
5677549
6042612
6186767
6197234
6199106
6211321
6213666
6527124
6602312
6711203
6866966
6926622
6989489
7233409
7370285
7434069
7616673
7805889
7926384
7938848
7978303
7985677
8090306
8253663
8447469
8580319
8597372
8608843
8720151
8851600
8956108
9285204
9440187
9470508
9567614
9907853
10168338
10407587
10561766
10664094
10800508
11107215
11316364
11451677
11452368
11572891
11657060
11732394
11792085
11900239
11983036
12139576
12220036
12236662
12316953
12472854
12497110
12514228
12615695
13204362
13670487
13690644
13732843
13792060
14140396
14239582
14246190
14391726
14595970
14601426
14616954
14667063
14684725
14943626
14997446
15017470
15302118
15310624
15310681
15323193
15396204
15411873
15665488
15862183
15964026
16026317
16053089
16132389
16395932
16419188
16424542
16425220
16487239
16661441
16681683
16692720
16716942
16957425
16978388
17242971
17605804
17666068
17688650
17907677
17975227
18107110
18147447
18151970
18168672
18314210
18418563
18458086
18641106
18735228
18930780
18963720
19094911
19149761
19232187
19294311
19843141
19859348
19897647
19953402
19958504
19997329
20164472
20248470
20253657
20516801
20830891
20837630
20850018
20867837
20903695
20931677
21004104
21041246
21080210
21477832
21678543
22013653
22015848
22040605
22136586
22145099
22170866
22446617
22541812
22764099
22937641
23015796
23138881
23209803
23375850
23393516
23396027
23585478
23781046
23993109
23995251
24047678
24084644
24091864
24510813
24621737
24694595
24741579
24931178
24944655
24988094
25021507
25042807
25281378
25385238
25749880
25786044
25838628
25885196
25917649
26000226
26001642
26005129
26044615
26329996
26337878
26381473
26496338
26498813
26667145
26775971
26895169
27043729
27082830
27210726
27252651
27519998
27521317
27533297
27648814
27720427
27746299
28187245
28377859
28676137
28729811
28899546
28912266
28930229
29069667
29154143
29366635
29387168
29710569
29755968
29806623
29839419
29940320
30095603
30156188
30162798
30191355
30780683
30807576
30819011
30867376
30897148
31018738
31090249
31148931
31344720
31346555
31429722
31494761
31581721
31691519
31850323
31906179
32118963
32353520
32425076
32682645
32704193
32717411
32968404
33198438
33241055
33377320
33382967
33401816
33494195
33500029
33593498
33625826
33654364
33755670
33778773
33822744
33848159
34097498
34240535
34361642
34482740
34516454
34622408
34707387
34815849
34857499
35205583
35226704
35290464
35301842
35447777
35454611
35511148
35560464
36084238
36144944
36230392
36300616
36300798
36575080
36580323
36615414
36711218
36794360
37200718
37278288
37280367
37393059
37410081
37450593
38017789
38048757
38076238
38084603
38139287
38156689
38245097
38351452
38426303
38468918
38511637
38766786
38827226
38919935
38923179
38932472
38965210
39046602
39057092
39204401
39225518
39348132
39489069
39701246
39725391
39841711
39853454
39962924
39972949
40255038
40308522
40407957
40719856
40923506
40935074
40953680
41350159
41420822
41436270
41537047
41603536
41607609
41663680
41667033
41904717
41937297
41964000
41972728
41982357
42347883
42472106
42710434
42723540
42806375
42830440
42884709
42927916
43106682
43288651
43435492
43437864
43563857
43852065
43941048
44382725
44394027
44450581
44450851
44483957
44502469
45177936
45223393
45274362
45332166
45442077
45450423
45454245
45636790
45806125
45878931
45964571
46033063
46033746
46107648
46198858
46211388
46233684
46258446
46330021
46712693
46821352
46872680
46890392
46921777
46927325
47032259
47166351
47205547
47220403
47296787
47414801
47474814
47502245
47533362
47542211
47568796
47601339
47612506
47646478
47743522
47875120
47889950
47894800
47960537
48130667
48210424
48283525
48625172
48698568
48704820
48831290
48851215
48882424
48899601
48928722
49010589
49185549
49402255
49469150
49594678
49622510
49687008
49777938
49909190
49915033
49960807
50177183
50190178
50293674
50437314
50607123
50666349
50734486
50896512
50931221
50993455
51083979
51234332
51245351
51265626
51387228
51616382
51737590
51907376
51971381
52297873
52637981
52648572
52720714
53092489
53156982
53178442
53263562
53291031
53556781
53678618
53753835
53759919
53878372
53970475
54104895
54116958
54202094
54290967
54385723
54514360
54549015
54962547
55088221
55165375
55214010
55354524
55513333
55569897
55570169
55788206
55902644
56041744
56078803
56097764
56117102
56291917
56501654
56554319
56903203
57065191
57144119
57268123
57671101
57774553
58080316
58263035
58439062
58519174
58522777
58583810
58712170
58842722
59029195
59113404
59258810
59285588
59587587
59717000
59797673
59815169
59870929
59913808
60184229
60482676
60576064
60580463
60648100
60816955
60862710
60923953
61018932
61058898
61083065
61332603
61440772
61450463
61455635
61507704
61514771
61531160
61607768
61667354
61702797
61751363
61830870
62072657
62172396
62179656
62631371
62837318
62872143
62912819
62999416
63011225
63017877
63061510
63369616
63422632
63517229
63542230
63585297
63781703
63796837
63799690
63819404
63821308
63831239
63857414
64055393
64161414
64563176
64647183
64744204
64799873
64897547
65059415
65123915
65248945
65318548
65827066
65854776
66306506
66341369
66565820
66828363
66832070
66936688
66945815
67044791
67096609
67214616
67223134
67242061
67256874
67565452
67638822
67731344
67740379
67758475
67803650
67870952
68147979
68157581
68174186
68188323
68200057
68365488
68516830
68575309
68609072
68649050
68699584
68712941
68720764
68782614
68922191
69223677
69313100
69390271
69458358
69606057
69694253
69715998
69938212
69979482
70345568
70368399
70449962
70546644
70567041
70690983
70851567
70985652
71033633
71079417
71113393
71121129
71376807
71391464
71456165
71487828
71578634
71590280
71721733
71754340
71760742
72008170
72147271
72260452
72273056
72328458
72410044
72536355
72614176
72680012
72868487
72926041
73151142
73406210
73545261
73748550
73788650
74292481
74324959
74375081
74708935
74945008
74948010
75020517
75127316
75155641
75247793
75250004
75446363
75594965
75598632
75646020
75672888
75716548
75729329
75751348
75834889
75893277
75909138
76023463
76407661
76438372
76535818
76597754
76647403
76799381
76890232
77037208
77127137
77239650
77240507
77241127
77267488
77450220
77482479
77490528
77509130
77520178
77542140
77549608
77608005
77681142
77689675
78003846
78029941
78094135
78115768
78406791
78447260
78495527
78631063
78734023
78904186
78944753
78954841
78968523
79120249
79194797
79328672
79369522
79392258
79439476
79453040
79735649
79800317
79973628
80318349
80388707
80433298
80500558
80509705
80529698
80533856
80692378
80756220
80821958
81015097
81040123
81153659
81350453
81402005
81493162
81604318
81723277
81873496
81927317
82079847
82150117
82231060
82260051
82338983
82356259
82377035
82390657
82439029
82439083
82469136
82480498
82500434
82527335
82550585
82579726
82644175
82716783
82740099
82825968
83019700
83031111
83056487
83340332
83436720
83502190
83530808
83642651
83882022
83895377
83926604
84057244
84132027
84287170
84464238
84555345
84568655
84606554
84615026
84661437
84765361
84947308
85170043
85241065
85354146
85439898
85640851
85689097
85689981
85971066
85986690
86190914
86372189
86465187
86595475
86620795
86639503
86703228
86948237
86956805
86982460
87017081
87289582
87365630
87544417
87568359
88431476
88451151
88550789
88588145
88608919
88617212
88660581
88775547
88777779
89094163
89110503
89137468
89206857
89266489
89446404
89610949
89669806
89703378
89789695
89964790
89972136
90064302
90121750
90179917
90181966
90193281
90399632
90555683
90557829
90565780
90791687
90847114
90871123
90902462
90923415
90929517
90946909
91203348
91232382
91263992
91330574
91370896
91439508
91499152
91562213
91937670
91944562
91949082
92003959
92205124
92369473
92444744
92465390
92476550
92511835
92538410
92608044
92749976
92770108
92780982
92892375
92906003
92913087
92927384
93195525
93261036
93350311
93646238
93683834
93718506
93808468
93884184
93894256
93914385
93968315
93986274
94127202
94184941
94359739
94644086
94649417
94659103
94803228
94902497
95027759
95272439
95525697
95770739
95813751
95878408
96054093
96086181
96091267
96130371
96134769
96244284
96360631
96370377
96438857
96577926
96585675
96660835
96696356
96698211
96731347
96754464
96766460
96860283
97019586
97062148
97092651
97152180
97255024
97360090
97445783
97571951
97610800
97689677
97754407
97786418
97811122
97981365
98569328
98819830
98906410
99251572
99376802
99643703
99681873
99770593
99885309
