20
49047
49063
49132
49191
49237
49275
49304
49396
49401
49452
49523
49584
49603
49660
49741
49771
49809
49863
49945
49976
21
82
127
189
228
273
338
392
406
463
509
591
609
662
714
750
802
856
932
961
1048
1055
1132
1163
1200
1277
1332
1364
1436
1499
1519
1582
1636
1665
1730
1763
1826
1852
1930
1992
2029
2087
2131
2185
2233
2299
2311
2385
2400
2487
2524
2595
2607
2660
2713
2778
2820
2896
2904
2971
3018
3087
3131
3180
3223
3294
3310
3380
3436
3466
3523
3599
3637
3681
3719
3787
3825
3868
3911
3954
4032
4081
4109
4171
4236
4269
4345
4392
4403
4458
4513
4557
4600
4666
4729
4771
4803
4879
4944
4988
5017
5094
5133
5177
5241
5272
5319
5377
5414
5471
5509
5555
5647
5689
5717
5769
5813
5880
5902
5966
6008
6075
6120
6169
6223
6266
6322
6361
6413
6493
6505
6552
6604
6694
6743
6752
6849
6897
6927
6959
7033
7078
7133
7188
7232
7269
7306
7359
7413
7481
7519
7552
7613
7686
7726
7761
7804
7883
7901
7970
8033
8094
8129
8186
8226
8251
8349
8395
8431
8450
8549
8592
8625
8683
8738
8787
8839
8884
8932
8961
9018
9070
9139
9176
9217
9254
9315
9371
9437
9486
9516
9555
9609
9664
9710
9760
9818
9876
9927
9961
10039
10091
10128
10180
10227
10282
10331
10395
10440
10488
10505
10573
10604
10689
10710
10774
10826
10884
10921
10954
11009
11064
11145
11175
11219
11261
11319
11388
11428
11474
11547
11569
11636
11675
11721
11753
11824
11890
11945
11963
12025
12074
12105
12171
12222
12267
12324
12392
12430
12481
12524
12568
12618
12671
12727
12750
12829
12865
12919
12961
13036
13083
13115
13153
13206
13250
13342
13375
13404
13485
13527
13595
13616
13668
13715
13793
13811
13881
13942
13961
14011
14077
14105
14179
14231
14278
14334
14375
14401
14453
14531
14574
14611
14694
14735
14793
14842
14866
14915
14962
15018
15091
15148
15165
15242
15256
15322
15386
15438
15475
15537
15582
15607
15697
15733
15793
15843
15895
15948
15979
16049
16073
16101
16170
16211
16293
16316
16369
16412
16454
16536
16596
16640
16684
16723
16779
16802
16891
16920
16988
17046
17092
17101
17167
17242
17290
17323
17380
17420
17453
17540
17555
17634
17694
17745
17793
17849
17878
17908
17956
18044
18068
18133
18161
18245
18282
18327
18357
18420
18497
18505
18575
18616
18682
18712
18767
18824
18857
18908
18978
19032
19092
19139
19185
19249
19281
19348
19352
19444
19471
19511
19579
19604
19651
19712
19792
19827
19884
19901
19970
20023
20081
20107
20186
20235
20256
20300
20393
20405
20493
20549
20555
20642
20663
20723
20765
20824
20880
20917
20956
21026
21067
21125
21199
21229
21257
21334
21360
21427
21464
21501
21574
21600
21691
21712
21780
21825
21870
21938
21962
22043
22065
22101
22185
22216
22251
22324
22353
22400
22470
22508
22555
22636
22654
22723
22792
22805
22857
22920
22950
23020
23064
23118
23179
23213
23258
23330
23354
23432
23453
23503
23560
23607
23666
23705
23784
23800
23888
23929
23950
24003
24099
24119
24178
24232
24265
24322
24392
24413
24482
24504
24587
24605
24672
24702
24756
24815
24861
24946
24996
25047
25068
25105
25161
25214
25258
25309
25382
25417
25494
25539
25592
25632
25674
25721
25770
25829
25854
25908
25955
26003
26070
26112
26193
26247
26268
26311
26353
26418
26456
26523
26551
26642
26679
26722
26775
26810
26873
26908
26973
27023
27092
27106
27163
27221
27257
27321
27399
27412
27497
27518
27571
27649
27696
27725
27750
27827
27864
27920
27979
28036
28096
28129
28184
28228
28274
28333
28395
28428
28471
28501
28599
28647
28687
28710
28792
28803
28884
28933
28956
29016
29065
29144
29187
29224
29289
29332
29352
29442
29479
29528
29594
29622
29654
29730
29783
29811
29866
29944
29976
30011
30053
30126
30161
30223
30261
30330
30397
30434
30480
30516
30594
30636
30681
30710
30764
30802
30862
30912
30995
31015
31075
31101
31160
31224
31277
31339
31373
31416
31491
31543
31557
31643
31659
31709
31778
31818
31855
31932
31982
32032
32087
32137
32155
32216
32297
32345
32351
32444
32450
32549
32574
32617
32658
32707
32786
32831
32868
32901
32973
33025
33089
33119
33178
33201
33264
33303
33382
33402
33493
33540
33579
33647
33667
33722
33778
33830
33850
33933
33968
34010
34074
34149
34150
34219
34276
34327
34356
34405
34483
34515
34554
34615
34676
34713
34778
34811
34871
34923
34958
35010
35058
35117
35169
35247
35295
35330
35398
35401
35493
35531
35569
35637
35671
35715
35785
35830
35883
35925
35996
36036
36057
36147
36198
36225
36296
36317
36388
36427
36461
36528
36552
36639
36664
36743
36783
36816
36874
36941
36987
37009
37056
37146
37170
37249
37281
37322
37358
37414
37454
37527
37558
37644
37696
37703
37753
37812
37887
37915
37966
38029
38099
38108
38155
38206
38298
38348
38362
38442
38454
38517
38562
38608
38666
38710
38798
38808
38865
38928
38971
39032
39059
39116
39162
39203
39292
39304
39388
39435
39496
39520
39574
39617
39650
39749
39792
39822
39851
39930
39996
40005
40077
40124
40160
40239
40271
40321
40350
40416
40478
40515
40599
40618
40698
40739
40751
40848
40881
40947
40997
41049
41073
41107
41178
41239
41284
41324
41354
41438
41453
41549
41582
41603
41655
41704
41775
41838
41866
41929
41999
42021
42064
42112
42151
42241
42287
42332
42390
42425
42485
42514
42572
42647
42668
42728
42764
42819
42896
42904
42959
43005
43072
43145
43155
43230
43287
43309
43394
43402
43455
43543
43567
43615
43664
43712
43794
43831
43856
43943
43990
44011
44067
44114
44171
44226
44295
44339
44373
44413
44483
44525
44584
44646
44657
44721
44781
44843
44862
44922
44962
45035
45092
45129
45178
45208
45298
45310
45395
45443
45450
45539
45594
45630
45679
45721
45767
45819
45868
45907
45988
46007
46061
46115
46190
46218
46274
46329
46390
46436
46498
46512
46596
46623
46688
46726
46794
46824
46852
46940
46998
47016
47091
47102
47189
47240
47256
47347
47355
47409
47478
47522
47553
47611
47655
47749
47773
47800
47879
47937
47959
48042
48057
48141
48175
48217
48253
48317
48366
48417
48499
48534
48585
48627
48650
48710
48776
48816
48859
48922
48998
